# Frequency (Hz)
200.0
37700.0
75200.0
112700.0
150200.0
187700.0
225200.0
262700.0
300200.0
337700.0
375200.0
412700.0
450200.0
487700.0
525200.0
562700.0
600200.0
637700.0
675200.0
712700.0
750200.0
787700.0
825200.0
862700.0
900200.0
937700.0
975200.0
1012700.0
1050200.0
1087700.0
1125200.0
1162700.0
1200200.0
1237700.0
1275200.0
1312700.0
1350200.0
1387700.0
1425200.0
1462700.0
1500200.0
1537700.0
1575200.0
1612700.0
1650200.0
1687700.0
1725200.0
1762700.0
1800200.0
1837700.0
1875200.0
1912700.0
1950200.0
1987700.0
2025200.0
2062700.0
2100200.0
2137700.0
2175200.0
2212700.0
2250200.0
2287700.0
2325200.0
2362700.0
2400200.0
2437700.0
2475200.0
2512700.0
2550200.0
2587700.0
2625200.0
2662700.0
2700200.0
2737700.0
2775200.0
2812700.0
2850200.0
2887700.0
2925200.0
2962700.0
3000200.0
3037700.0
3075200.0
3112700.0
3150200.0
3187700.0
3225200.0
3262700.0
3300200.0
3337700.0
