# LSD (dB)
0.230
0.227
0.233
0.254
0.264
0.305
0.350
0.386
0.449
0.538
0.633
0.798
0.888
0.959
0.984
0.995
1.019
1.059
1.109
1.174
1.292
1.456
1.678
1.824
1.923
1.994
2.134
2.362
2.656
2.781
2.943
3.079
3.225
3.425
3.606
3.772
3.974
4.152
4.288
4.264
4.248
4.155
4.151
4.151
4.246
4.376
4.527
4.446
4.302
4.248
4.161
4.192
4.244
4.418
4.484
4.515
4.495
4.299
4.141
4.057
4.058
4.091
4.050
4.068
4.251
4.386
4.448
4.524
4.563
4.606
4.677
4.689
4.686
4.775
4.473
4.364
4.380
4.557
4.707
4.796
4.856
4.804
4.745
4.632
4.534
4.527
4.631
4.918
4.901
4.911
