# LSD (dB)
0.196
0.195
0.200
0.204
0.214
0.231
0.247
0.261
0.279
0.292
0.309
0.305
0.326
0.348
0.370
0.398
0.432
0.472
0.520
0.576
0.648
0.756
0.890
1.020
1.163
1.286
1.490
1.785
2.131
2.265
2.410
2.523
2.630
2.816
3.022
3.208
3.427
3.619
3.774
3.784
3.795
3.738
3.756
3.748
3.838
3.939
4.050
3.934
3.797
3.798
3.740
3.749
3.751
3.888
3.960
4.026
4.033
3.837
3.686
3.606
3.612
3.654
3.606
3.638
3.843
4.014
4.100
4.221
4.293
4.346
4.415
4.455
4.478
4.592
4.311
4.224
4.219
4.367
4.490
4.556
4.627
4.559
4.521
4.427
4.346
4.358
4.453
4.704
4.673
4.649
