# LSD (dB)
0.191
0.191
0.196
0.202
0.215
0.230
0.244
0.256
0.266
0.277
0.291
0.280
0.304
0.329
0.354
0.382
0.415
0.453
0.501
0.558
0.632
0.737
0.881
1.034
1.196
1.337
1.551
1.888
2.303
2.510
2.710
2.879
3.056
3.307
3.543
3.757
3.988
4.181
4.322
4.309
4.281
4.178
4.182
4.196
4.329
4.470
4.615
4.508
4.348
4.287
4.194
4.212
4.275
4.477
4.564
4.610
4.586
4.362
4.174
4.063
4.037
4.045
3.970
3.980
4.166
4.321
4.399
4.493
4.580
4.667
4.784
4.849
4.868
4.963
4.630
4.488
4.466
4.609
4.728
4.783
4.832
4.785
4.751
4.669
4.588
4.594
4.727
5.029
4.982
4.913
